$ANSIBLE_VAULT;1.1;AES256
63346466633732656239343936383737663230633765353266656339313866303666346464663739
3931313562343633373966306564396664626232313237360a333331306334666637633166653039
38313465373233396663393232623037646339663236333239663039356337313064646333643864
3864313332633038610a323538646131336565313430306434333035396162333836323531663937
61343132303463326230663936313236343330633634306565636663306566396432313932363964
37313962653630363133333932333537643536396139313139663130363039376635373632383736
61636635623666393238366665396238656265653663646634366132333533613364356436303937
62396461633538393339643963376637303635653432363864386265623032303166653531346463
35646536356131323134376265626131353266653665316331656332643937616435626263616164
34313435316632643966656431303836326664333234303763333565303835626465336438303539
36323663303430326235346166353865346431623037343136386231303935323532333131356630
39333730346364346637393834633237623565363837616664393538666364336439643933326232
34613335636562613366666434323334353530366633626135633062653563623863363565356433
61333666616438623666646433626265643536333538313261343137363764376437366363626465
65363635343563363239323139616431643838636539653433613136383432363735313861616133
39336237353363646465336635623166623136396235633531346565333235656539623833626130
66396634313662613664303337656164303565306339313263386334306136616361386537616535
63633836633634623037643935376239333436353338633564633866616266396337643066396162
34353239386534616635303530313062336631643737333837646334396333393461303736616431
62373666653931626637323039303365383536366231643566323833666432623139613161346563
35373162666638363639386366386330663337356330316566383535333965636139376363336537
31613931383031376131333134376130396333386466343837613461633965363762303733383136
64656139613061306230323934613364653634656465633366306433333837373166333566336261
66353264366261663439653038653139383861613565333662656636326636346332613065316661
36643032366161373063366236653738653536353665303866616639383430663534306436343134
32376661646238373566623630633263316664653938646438336237306330393564393666376466
38656430373032313634653230633635323537313364363662303266343639346636386561613230
39366234623131393732343039313530303530313966313637613432636231333064393061373065
65616634393633643237323037623563336238343866626530656234663632653837333463626436
37666663376130373366656261633164613534336235303338346239643432326435363436333631
33313535333038653964333139643938393664646531313864393836623932353164336632346266
37663838636232303431396235343636303266326464366430626437663563363936316235363462
34376437323335353163656338313862336239653836363366383766363837663737666465396538
63663332643730373438626339313539323137313930336535303532303561663138613765343437
65646437336361393031653264326632613734363439376466376437613338383864643234313461
62363832616630393765373434623362303330313562303332386530613535343465633635343631
33646666613538616235393032636363366163396139623739633066323835393239633632386330
39346337666430626162393036363665316434366163626136613730646334316336306631616335
63643262316166613463316333613563313930386630336138343739353534363233623030633131
35383363623165306337356230656661643762656661643735663466653537366362663937393563
33313462626562393134653635346666633935346338623135653939666430666237346532373831
37343265386335316430626134373539373339373061633861643162623132636565383238343861
64336435646661616533373962356630633866373530653466643638613031666434623161656664
30396438316165386433653730656566383234613330353136663162353939663237313533333266
64343664353534333531643438663763316132636161383138353833303638616336356663353561
35333966363032656666646332383162326639653061616632323234336535653133383363613763
31613137633038376535663663316236336338303131386437373633323231393031633838323231
61616339613036623965356530383233353131306136623332633130333832633434613865616439
65306636633039323664623035336265323133303962646465386636306261383838653461653861
34303962396538343863623434346236333163326466343830643632613039356464633433343139
64653439386161653461376662653962646337356233323438336336306231313038356666666531
39343663393739636435343062313737396262613361666236383664613139313566633634613839
65323532326139373061653062636366313235653861346262303964636139616337636465346335
36303832356436383030623963623364376165623138363336366632626636353137653535363933
30306339333266356664343033363636343536333930303131326537316535343236323832353365
32653864333130656635663864373464643135323739633935373533373033343235396637626366
38643934303436323064616430616331666538316162386164616262353033626462326264303030
33353864336335663662373762343361646439373538373630323861333563653264356337363664
64653536363232333037316361343839363863653936643365323234353734313463613739613838
64346365633634353837633134303265663464653532326562643265353561316239316139306631
39646138373965393235356661343961376530666335653061393137613634613934636633326134
33633462323138323837366432663563393234656438643133303733383264643565666662646664
38313637306536363335393861633162306632336532363437333830643762633762316265316238
35316431616131346138303335663462373337626532666365353436336261393730363335346266
34323561316539323633613732373938373038346133363066376665666562343036353363316539
38323330393537383636336665343131643462386530663466386539316163393736356430376633
32636364386532613137373036313635363535353332366335613661336439626163316230376336
62353038336162366136366136393438353339636637633430616331323337363438393037363833
35376134323239323434393465363666373930663834323464343037643065623438613034616235
31356466376338616364636466633535616234396265663834313263656466376137663730623933
63323331616532323838346434313832326234363563326464623163386434616232343039616432
32306663366565643131376331343831353430663030326135343633313364306338653935666163
37636166343832343035343462623633373130636336326132386161333561373761383764356234
62316666383232613862373935356233663037663631306439623036363663363663306566616261
35626432613733313938656261393039353962646137333736346134313435646438353462376363
39396463636135366630383830656132633663366335383434636561323434333835323362616363
62323262326138383034646532303966666437646361306466353539616662333131643433366130
62646332616264353237383931666638353266386362623236386431396530616132316666653533
61656364313033623233346131663730396434386236303464346431656464313662326261303439
34643939633433653333616362306337666637343764636165653737353237306639393662363839
30616464303337643331623266356532616138373436623532383532613762366230623764386463
31363233316434333339343266636162376237303832656436353037306334666163616364363533
32366532353239393964623536343330633135333535633333363063383638646661313238663537
30636436653537656362643539663338356137333666653836646564396539616637356131636334
63316231383066623764623537373264653935616534333134383966363930633638313466643136
31316164626538393664653730353439383032623562343536636262663131356334623564386164
65326130316237643038396536663233373861383337303966363939303238373564326238376262
38333463343430626562626261663764623562623364626134653335373266616238303839373863
64623838356534363562356438333932363531623562633962623939373533383735316234633536
61616433343062633462356335336536366563646632633431386137646461373131646164313334
34633364653964393335363333636135316466346636346262626462323230333230323735653130
36386431656536356137656335356166653737323862336334306161363962646336396638616266
61333261396536323137343666323465326434633638393562376462626365386333313338343563
61653664343166656431386661343865363235646632663935626566643863366361626661626134
373038616439373034393862646661373938
